4.698407683562474957e-02,8.322862317252507358e-01,0.000000000000000000e+00,8.727825654253944521e-01
1.000000000000000000e+00,1.818527554717002392e-01,7.987932260755170599e-01,2.076071756892807207e-01
6.130482619042719739e-01,0.000000000000000000e+00,5.705829810663441970e-01,1.293235365083033606e-01
2.252403168705930936e-01,4.649530849773533259e-01,4.694356055232057345e-01,7.402437724750392523e-01
4.063891789322201520e-01,0.000000000000000000e+00,6.626546179765807620e-02,4.080432201512920187e-01
3.191876077037125725e-01,1.547410818536519850e-01,4.544338322300642830e-01,5.961137083570718920e-01
1.181351730793407662e-02,6.425948866281095961e-01,2.315333377364308665e-01,6.907583943930085679e-01
4.042361201004901483e-01,6.994925313348703266e-01,7.019121349503429919e-01,1.000000000000000000e+00
3.414196481449512377e-01,0.000000000000000000e+00,4.051156889265762340e-01,1.400556007740288988e-01
8.411776238648842607e-01,1.806319718771358662e-01,2.970851248533774580e-01,7.700506681985477275e-01
8.744164636239786237e-01,3.758296037905575759e-01,1.000000000000000000e+00,5.053976302257329190e-01
8.232453427829653503e-01,1.030706462903795417e-01,5.535227693996518372e-01,3.806518914655866448e-01
9.137684695937345891e-01,8.943261948409353401e-01,9.154155857346345515e-01,9.599505814728463982e-01
6.818032478723099477e-01,4.973608751809930895e-01,4.814464831915328813e-01,9.425227145635748371e-01
