8.878092034650895970e-02,8.017906678884828553e-01,2.228114925897413390e-02,8.790000000000000036e-01
3.483490226242429433e-01,7.161487915739962462e-01,3.008477213409059825e-01,7.898249051346829530e-01
7.832872913464686837e-01,3.377402910576749462e-01,5.961250800045514442e-02,8.411975017203401350e-01
0.000000000000000000e+00,2.639771902847181523e-02,6.277753364870466979e-02,1.555636471605381099e-01
5.962440602249355903e-01,0.000000000000000000e+00,5.535510453724815649e-01,5.896997490951785270e-01
6.047732372431757764e-01,5.431765655526615832e-01,7.730461323387882722e-01,8.790000000000000036e-01
1.000000000000000000e+00,3.339690019608320681e-01,7.939236172880363984e-01,4.667874361832388130e-01
6.403948079747193711e-01,6.884440332260360895e-02,9.548529375391966445e-01,3.202130243221260053e-01
2.055340241809647805e-01,1.429158711310501428e-01,5.445285326044146945e-02,3.936493730667953161e-01
8.804584340644814322e-01,5.482018540097089998e-01,8.399585886405966928e-01,6.461799790667680510e-01
1.000000000000000000e+00,6.714936736604831813e-01,8.772721823555252874e-01,8.790000000000000036e-01
8.991539736779886605e-01,0.000000000000000000e+00,1.000000000000000000e+00,6.910300166448769821e-02
