9.359005101575662566e-01,4.952542775095916672e-02,5.654637131226160074e-01,5.296737167998173401e-01
9.170474374439623322e-01,5.197789779864067095e-01,5.684170206896872468e-01,6.770117829682112953e-01
1.728778539768484057e-01,2.286016166146994100e-01,1.561019946822554127e-01,2.597463649845975775e-01
4.875340601874093016e-01,0.000000000000000000e+00,2.774589308988459901e-01,2.223018729906008906e-01
7.052062790114663748e-01,2.218083831937346928e-01,3.471488146420385057e-01,5.259945843284109523e-01
0.000000000000000000e+00,9.386341239564411909e-01,9.567862391939782607e-02,1.000000000000000000e+00
6.479567992224247730e-01,3.738074161221949798e-01,9.321430607034767446e-01,7.467267972560019951e-01
7.994685955904275998e-01,1.582488166459871948e-01,8.741782064455406731e-01,2.592307116447294946e-01
9.361505349231582507e-01,5.503225323125036095e-01,1.000000000000000000e+00,6.014417150069314433e-01
-3.469446951953614189e-18,1.075971190517833048e-01,5.458385169420965077e-01,5.264933836556245916e-01
0.000000000000000000e+00,6.106670387218574025e-02,3.654641748559134262e-01,3.762650273349528174e-01
6.458478743823260482e-01,7.333883661755821182e-01,7.461762293388715106e-01,7.778612138176280721e-01
5.078431137665568862e-01,0.000000000000000000e+00,5.239593126508670373e-01,2.751860209379107802e-01
1.696409924169859917e-01,2.360482099947286069e-02,2.175570400404785998e-01,4.231671529717633273e-01
4.254108052432034048e-01,3.336421773981478878e-01,1.703372479823894725e-02,5.793039148609355760e-01
