2.113953854991505732e-01,5.297087837406307953e-01,1.072673771427561651e-01,6.168045591167300445e-01
9.170369996638396692e-01,3.180772476109784974e-01,9.790061817555328894e-01,3.825774974909502135e-01
4.621924611016586804e-01,2.558450070399891363e-01,4.303622988775893665e-01,2.866189512234080805e-01
3.458101351535467494e-01,7.425671847413175541e-01,4.636704554380197130e-01,8.790000000000000036e-01
0.000000000000000000e+00,2.666479426429640420e-01,4.077292402363217327e-01,3.377830714029763648e-01
5.553987495273138286e-01,2.128298306795058381e-01,9.886516410412532485e-02,6.803314065603318639e-01
0.000000000000000000e+00,6.994743104758529562e-01,1.889648988616253744e-01,8.009042861589206197e-01
6.148283429092810115e-02,6.183079606345237567e-01,3.494489887451831533e-01,8.790000000000000036e-01
3.337130204856896265e-01,3.285088438630096030e-03,4.425847276031470434e-01,1.714443034938573918e-01
8.594217238910979439e-01,1.285423816924607388e-01,3.409255068515346654e-01,8.790000000000000036e-01
9.734080659703935323e-01,6.114424003582482614e-01,8.523047340555464091e-01,8.243654237765783988e-01
6.952952562848029316e-01,2.040645304765104084e-02,4.666575969180169481e-01,2.593446391478598234e-01
9.487392604794475659e-01,5.763183999282582570e-02,8.308986722979572193e-01,2.484372360684229397e-01
6.955725711660227795e-01,5.471317906977950507e-01,7.559292751474537830e-01,8.035844425556839532e-01
5.917441169266557388e-01,4.943185755130758974e-01,5.154515381348443448e-01,8.790000000000000036e-01
8.096570165148405662e-01,2.704253429537503139e-01,5.640590994366975197e-01,4.560670619839938267e-01
